	Bacteria;Bacteroidota;Bacteroidia;Bacteroidales;3M1PL1-52 termite group	Bacteria;Bacteroidota;Bacteroidia;Bacteroidales;Bacteroidaceae	Bacteria;Bacteroidota;Bacteroidia;Bacteroidales;COB P4-1 termite group	Bacteria;Bacteroidota;Bacteroidia;Bacteroidales;CR-115	Bacteria;Bacteroidota;Bacteroidia;Bacteroidales;Dysgonomonadaceae	Bacteria;Bacteroidota;Bacteroidia;Bacteroidales;M2PB4-65 termite group	Bacteria;Bacteroidota;Bacteroidia;Bacteroidales;Marinifilaceae	Bacteria;Bacteroidota;Bacteroidia;Bacteroidales;Marinilabiliaceae	Bacteria;Bacteroidota;Bacteroidia;Bacteroidales;Paludibacteraceae	Bacteria;Bacteroidota;Bacteroidia;Bacteroidales;PeH15	Bacteria;Bacteroidota;Bacteroidia;Bacteroidales;Rikenellaceae	Bacteria;Bacteroidota;Bacteroidia;Bacteroidales;Tannerellaceae	Bacteria;Bacteroidota;Bacteroidia;Bacteroidales;Williamwhitmaniaceae	Bacteria;Bacteroidota;Bacteroidia;Bacteroidales;vadinHA21	Bacteria;Bacteroidota;Bacteroidia;Sphingobacteriales;Lentimicrobiaceae	Bacteria;Campylobacterota;Campylobacteria;Campylobacterales;Sulfurospirillaceae	Bacteria;Desulfobacterota;Desulfovibrionia;Desulfovibrionales;Desulfovibrionaceae	Bacteria;Firmicutes;Bacilli;Erysipelotrichales;Erysipelatoclostridiaceae	Bacteria;Firmicutes;Bacilli;Erysipelotrichales;Erysipelotrichaceae	Bacteria;Firmicutes;Bacilli;Lactobacillales;Enterococcaceae	Bacteria;Firmicutes;Bacilli;Lactobacillales;Lactobacillaceae	Bacteria;Firmicutes;Bacilli;RF39;uncultured bacterium	Bacteria;Firmicutes;Clostridia;Christensenellales;Christensenellaceae	Bacteria;Firmicutes;Clostridia;Clostridia UCG-014;uncultured bacterium	Bacteria;Firmicutes;Clostridia;Lachnospirales;Lachnospiraceae	Bacteria;Firmicutes;Clostridia;Oscillospirales;Oscillospiraceae	Bacteria;Firmicutes;Clostridia;Oscillospirales;Ruminococcaceae	Bacteria;Firmicutes;Clostridia;Oscillospirales;[Eubacterium] coprostanoligenes group	Bacteria;Firmicutes;Clostridia;Peptostreptococcales-Tissierellales;Anaerovoracaceae	Bacteria;Firmicutes;Negativicutes;Acidaminococcales;Acidaminococcaceae	Bacteria;Fusobacteriota;Fusobacteriia;Fusobacteriales;Fusobacteriaceae	Bacteria;Proteobacteria;Alphaproteobacteria;Rhodospirillales;uncultured	Bacteria;Proteobacteria;Gammaproteobacteria;Burkholderiales;Comamonadaceae	Bacteria;Proteobacteria;Gammaproteobacteria;Enterobacterales;Enterobacteriaceae	Bacteria;Proteobacteria;Gammaproteobacteria;Enterobacterales;Yersiniaceae	Bacteria;Proteobacteria;Gammaproteobacteria;Pseudomonadales;Pseudomonadaceae	Bacteria;Proteobacteria;Gammaproteobacteria;Xanthomonadales;Xanthomonadaceae	Bacteria;Verrucomicrobiota;Verrucomicrobiae;Verrucomicrobiales;Akkermansiaceae	Phylotypes.Combined(109)
DF_1_1	5188	21137	563	668	3880	536	2056	222	3331	25	3117	4477	186	386	65	18	556	256	93	659	1392	190	891	461	4006	474	2668	182	60	217	204	442	6	32	63	17	6	301	7304
DF_1_2	30	8324	1427	1124	9883	649	891	215	3228	25	5130	8704	471	1177	12	41	1852	285	349	874	1377	475	1883	312	2190	887	2702	324	130	171	1231	362	0	33	2	3	0	160	6126
DF_1_3	8	12387	918	298	4370	1926	283	252	2439	55	2986	7099	182	334	113	0	1433	266	215	165	4490	144	2702	107	1160	605	2368	347	135	219	442	388	3	318	80	2	3	390	7608
DF_1_4	19	11699	232	193	5022	497	204	41	2110	6	1960	5413	60	303	48	58	827	2039	692	1320	1331	588	2254	309	2034	606	3727	367	372	613	745	210	0	34	7	22	423	355	3786
DF_1_5	13	4685	870	171	7194	217	230	63	1208	0	4946	7177	600	1269	67	104	1828	373	445	165	266	206	2045	174	1006	632	1672	1409	58	233	314	204	27	249	3144	461	211	177	5287
DF_1_6	3	3249	298	142	1926	140	140	14	2404	1	951	1861	172	257	5	11	349	126	121	854	601	144	368	56	659	151	441	2964	21	86	175	324	1616	901	8421	216	1294	59	6825
DF_1_7	18	31564	2528	1086	14237	3096	2092	199	3418	0	13661	11978	1422	997	346	106	7201	365	451	1560	1136	457	2353	190	2491	1231	2599	13893	127	491	809	793	2007	1985	20582	368	1477	808	21932
DF_1_8	96	8410	642	398	6517	67	332	42	3415	1	2349	5146	266	252	45	13	573	318	313	780	871	107	781	99	1048	414	1059	1291	72	142	1025	307	67	175	1171	30	70	166	2796
DF_2_1	850	5656	1008	507	4757	1008	1089	97	2707	101	3014	4206	203	135	85	9	979	255	109	3419	6906	220	1323	212	1124	342	1595	190	134	98	276	344	1	1318	6808	160	3	101	4448
DF_2_2	41	15081	566	439	2911	1085	354	91	3121	18	2270	7094	52	335	164	31	796	485	235	359	1131	407	1438	393	1654	444	2737	1039	138	205	278	466	0	1270	4414	3181	719	274	4445
DF_2_3	438	20057	312	251	2370	180	667	72	3225	14	1605	4321	110	139	31	44	455	121	38	8	159	130	495	304	1450	280	1311	324	42	238	223	386	1	2889	13488	157	305	138	3853
DF_2_4	8	12677	838	674	7989	2133	1314	138	3352	146	5833	5546	580	280	521	140	2809	596	459	62	44	267	2129	165	1183	658	1416	286	83	80	609	423	1	2	7	6	0	1168	7047
DF_2_5	0	2863	1333	185	4579	2343	630	181	904	70	3345	6432	1254	558	14	192	605	702	509	56	7	351	1814	338	952	282	931	258	62	14	492	187	0	4	68	1	6	266	3878
DF_2_6	0	1093	204	72	1018	532	111	24	724	18	795	2362	501	73	19	5	155	135	61	0	2	19	299	36	130	78	199	28	13	19	65	55	0	1128	1449	21857	2289	23	1553
DF_2_7	2	1978	210	70	1990	398	275	22	1348	27	1042	2369	980	106	7	6	347	187	102	19	1	89	313	60	454	141	553	48	32	61	517	64	0	3412	14273	11445	1538	37	2104
DF_2_8	13	7715	454	192	4176	753	571	41	2751	144	2262	3700	1598	209	39	42	406	173	185	9	0	212	1173	142	563	216	715	165	35	24	467	279	3	440	12628	1798	2800	80	3425
DF_3_1	15	9407	1068	1185	5571	1854	496	133	6910	123	4557	6207	145	132	569	110	1390	1258	458	100	157	241	1620	124	1344	533	1426	182	120	85	1047	231	0	11371	119	114	5	273	5398
DF_3_2	17	5067	637	235	3106	1176	439	46	2810	59	2596	2984	103	59	106	48	1019	670	483	263	9	281	2547	146	529	201	732	140	145	20	262	238	0	3498	12284	8917	38	267	3103
DF_3_3	3	4875	304	318	2823	1085	660	58	3587	51	1859	2526	94	95	131	20	953	765	130	97	11	180	1018	103	667	234	635	52	67	24	604	363	0	508	21755	4179	1	54	3359
DF_3_4	3	4813	19	60	6171	43	156	23	1884	14	1065	4327	67	73	12	32	783	229	299	764	1312	259	680	105	835	409	1679	223	82	149	872	205	0	2914	3499	13062	5	157	2384
DF_3_5	9	2608	50	99	6476	21	176	110	1282	7	1538	4620	71	142	23	26	975	287	403	1294	9174	172	615	134	785	413	1228	131	87	276	526	90	0	835	1428	237	0	789	2996
DF_3_6	291	14399	236	460	11895	14	409	244	3090	30	2222	6245	115	106	5	71	1189	2524	789	513	1702	304	1795	227	782	333	3837	188	83	144	335	446	0	14	9	83	1	4618	4278
DF_3_7	34	3630	69	26	2097	10	50	30	559	5	296	1015	14	12	3	4	137	150	36	45	192	46	155	16	118	42	386	56	13	27	46	141	35	302	18820	9426	14814	110	1061
DF_3_8	97	8809	31	36	2810	69	46	12	1069	5	425	2092	9	61	6	2	199	149	63	135	216	102	272	101	360	213	1469	360	32	174	252	133	3	638	17649	1071	3122	103	1426
DF_4_1	370	1685	97	141	6149	67	123	10	850	7	859	2448	97	32	2	15	130	186	65	1587	144	60	280	48	577	63	606	61	22	71	804	169	4	969	5108	30337	3967	79	969
DF_4_2	14	3570	448	298	10374	426	486	69	1052	16	4929	5526	468	137	32	16	576	116	67	129	168	62	314	64	442	117	512	69	34	49	173	372	0	4	4	0	0	543	1425
DF_4_3	8	3762	946	220	6825	566	162	237	896	89	5147	2977	344	1205	38	69	2149	1009	219	796	9359	357	1101	150	904	523	1488	159	83	69	432	45	1	17	20	3	3	593	4632
DF_4_4	7	6854	2303	621	9089	2136	410	156	3168	269	6485	5938	1486	680	44	426	1032	1224	613	98	4	518	2403	303	1165	381	2757	445	90	48	1853	350	0	11	26	2	5	215	5972
DF_4_5	8	8157	616	595	7018	2433	895	113	3715	62	5537	7241	813	415	211	68	1418	938	449	79	2	278	2317	185	1621	603	1522	275	61	79	537	299	0	2	7	1	1	1305	4903
DF_4_6	17	8063	727	443	5157	1454	724	74	4168	93	6412	5887	728	302	214	29	1634	524	474	92	1	143	1815	123	1077	600	979	132	49	42	526	173	1	3	6	20	4	470	5200
DF_4_7	33	8620	903	276	6422	1374	2260	120	4264	175	6294	7428	880	349	371	51	2153	190	260	174	0	100	2880	138	978	478	1049	195	54	60	434	284	0	6	12	2	11	284	6568
DF_4_8	28	6679	797	309	4989	1965	617	117	2093	154	5488	7005	361	352	255	47	1689	644	229	53	1	303	1697	288	961	598	1213	244	58	38	570	281	1	4	0	15	6	152	6267
DF_5_1	294	7557	2973	1013	13709	2281	232	281	5979	379	4493	7280	1262	448	9	171	1150	1133	374	29	8	510	2032	494	2651	449	2397	415	74	202	3484	246	0	79	4	1	0	700	5640
DF_5_2	19	6195	1643	1366	11122	911	459	97	4589	345	5111	6803	555	308	77	135	1160	475	230	301	1622	243	1875	399	1543	387	1824	298	96	186	2638	132	0	373	1917	178	2	621	4468
DF_5_3	3	2944	412	136	3725	282	233	40	789	0	2088	3209	203	497	54	84	1070	206	291	219	190	153	856	132	505	365	846	439	34	146	311	91	0	687	24392	217	16	75	3856
DF_5_4	0	1583	130	88	1707	67	76	12	400	0	790	1293	107	140	14	17	180	54	19	111	76	45	190	45	188	104	338	53	3	30	174	54	1	624	31240	1429	14	36	866
DF_5_5	16	12604	806	1638	5730	2492	1043	489	3770	88	2836	7723	101	704	449	94	1429	893	428	151	327	246	2356	216	1311	596	4341	389	212	198	304	372	16	116	9	23	238	206	8671
DF_5_6	47	5053	179	282	7913	342	233	25	1441	2	1376	6437	32	373	63	24	327	469	332	79	272	322	1125	184	1621	485	1778	564	120	339	785	68	28	564	8720	71	255	55	1696
DF_5_7	185	7279	303	495	4082	1659	166	306	2621	3	1283	7029	67	353	126	41	880	828	196	34	166	233	2459	223	1144	474	3595	1668	112	121	143	409	54	654	10172	235	694	107	6706
DF_5_8	3	2778	70	20	5011	478	61	7	136	0	910	6532	4	514	193	21	2032	1258	1189	1001	924	674	6918	313	2044	952	3157	1168	430	143	606	22	195	251	89	21	2143	710	6950
DF_6_1	381	12922	1084	298	3983	523	456	141	2159	173	2007	4783	146	81	268	28	792	637	426	2299	9447	328	851	226	1219	339	2220	137	106	145	325	532	0	497	18	547	23	227	4835
DF_6_2	583	13933	869	520	4564	636	461	50	3839	81	2709	6557	315	165	2	0	952	1254	232	234	5703	367	1657	145	2116	1006	4727	234	113	148	345	882	2	61	30	35	13	367	6034
DF_6_3	1138	14363	288	504	6010	577	447	47	3391	40	2535	6463	183	152	13	0	751	447	230	844	1717	320	1477	205	1463	726	3180	105	100	223	228	980	398	1504	2372	4844	3806	483	4259
DF_6_4	41	11746	453	343	4642	821	330	129	3780	34	2452	6920	72	501	103	50	925	693	903	305	1701	613	3827	376	2659	1004	4978	476	459	230	778	169	0	7	6	11	352	268	4778
DF_6_5	35	9837	754	355	4477	819	141	293	2922	36	2907	4571	350	283	23	0	890	115	116	230	8023	41	1325	137	585	499	5828	167	40	110	362	328	0	169	14	8	0	342	7224
DF_6_6	18	7363	479	231	5160	991	158	147	1255	21	2533	5419	351	343	37	0	1165	76	379	226	8680	50	2303	48	611	558	1599	177	74	157	572	257	4	36	3	11	7	689	4230
DF_6_7	42	10436	842	281	5657	1951	155	192	3599	38	2844	7552	343	485	21	3	910	92	175	148	5464	38	3043	159	1060	552	3758	223	118	217	595	277	3	115	132	10	10	166	6656
DF_6_8	15	7523	389	100	3071	746	114	161	3094	7	2349	5117	137	311	18	0	335	87	66	115	3692	77	2117	199	674	289	3313	178	93	171	247	96	135	275	39	3328	3425	72	7851
DF_7_1	32	21439	329	136	3795	1024	293	235	3154	169	2194	3841	78	219	851	20	823	1025	170	1621	3124	114	1129	127	552	234	2276	159	51	105	149	96	0	102	227	101	4	221	3396
DF_7_2	0	8295	93	329	1294	350	379	71	1964	112	558	2111	23	40	174	23	279	616	98	82	415	8	533	39	150	118	746	128	23	47	141	60	0	565	2390	1250	4	0	2586
DF_7_4	37	10334	336	3558	8116	2498	1236	441	4258	295	2626	10697	110	112	759	130	1262	858	332	72	152	34	1378	124	240	404	2365	120	71	56	227	147	0	16	69	31	10	30	10652
DF_7_5	7	13077	407	1083	4536	2031	3004	1169	1134	343	2218	8844	43	215	1359	99	3469	2547	887	421	850	21	1737	80	435	688	1166	280	172	117	129	190	1	727	13	3	2	9	12183
DF_7_6	29	8482	380	814	3760	2795	1429	2791	1432	879	2850	8249	32	886	2150	149	2578	1626	650	606	1569	26	2438	87	420	645	1142	298	401	52	198	122	1	65	9	4	0	7	13238
DF_7_7	5	19414	261	548	3524	1058	601	336	9674	183	1040	3365	61	157	62	65	640	674	147	110	708	18	600	64	164	116	2794	102	26	43	428	118	2	2	3	12	4	2	6213
DF_7_8	4	7800	355	385	7366	917	260	195	4994	268	1084	2294	126	134	32	50	515	591	270	442	1785	16	1178	112	139	97	788	91	77	27	731	98	1012	11	2	5840	3716	1	3609
HN_1_1	3	1545	585	391	5231	3033	247	208	535	50	2837	4166	409	769	2889	130	2696	469	555	294	188	294	2155	117	815	307	926	187	98	31	214	338	3	140	7	3	8	207	7180
HN_1_2	0	3021	36	636	9529	46	84	17	1901	0	3606	2451	531	232	124	41	1726	1017	863	3469	266	191	8061	340	1832	493	791	21	67	60	629	28	0	127	5	2	0	297	4175
HN_1_3	10	10734	105	930	7752	94	198	39	481	7	5014	4198	710	139	214	45	806	535	1502	2108	509	334	1313	79	1078	427	861	72	93	104	3062	76	2	499	1097	8	737	1849	2775
HN_1_4	2	29266	625	201	2886	63	649	17	2691	2	3210	4180	436	70	3	65	1594	265	189	58	748	56	1787	39	879	364	5478	50	80	242	1174	55	5	518	56	23	2	127	2425
HN_1_5	0	26339	2500	196	1654	40	159	112	466	1	1868	3419	192	50	0	0	490	82	239	736	729	40	369	52	144	87	4791	14	35	89	1013	64	0	67	4	2	1	30	1010
HN_1_6	3	9690	1793	146	1680	47	187	209	281	0	8771	1915	342	93	0	0	5890	86	176	238	476	45	1384	146	276	218	5769	51	23	318	343	168	0	420	6	0	1	16	7659
HN_1_7	2	16534	658	105	2201	68	176	170	618	16	6552	1620	214	40	1	2	2958	215	288	113	84	51	409	64	198	108	10126	24	41	134	266	102	20	866	374	3803	143	62	4203
HN_1_8	2	8404	31	31	667	141	8667	30	6317	38	708	3584	30	10	62	11	1006	159	136	3	0	74	756	142	9871	171	1387	158	105	339	551	44	1	3729	59	102	15	11	2818
HN_2_2	1804	1180	445	184	5879	186	401	132	2542	193	4302	6132	371	372	111	132	3037	487	4199	3504	257	492	1850	141	1102	990	1633	981	97	70	6182	162	3	69	8	5	2	21	7628
HN_2_3	2	10230	66	393	3611	13	70	8	1905	11	2430	19659	170	138	0	0	967	1132	307	225	330	193	1384	54	1370	538	1142	76	173	148	3977	40	171	1387	289	4887	42	57	3072
HN_2_4	1	11132	134	176	5480	22	1005	65	2552	14	3266	19281	285	207	0	13	2388	436	126	41	582	115	5598	48	384	239	1424	64	184	224	3098	411	24467	1760	29138	13071	10755	1	5754
HN_3_2	4	10807	200	216	2044	2060	1712	61	535	176	2503	14008	14	339	594	18	1979	3881	463	11	0	222	1951	387	1154	491	1722	153	144	55	163	197	0	115	1509	15	2	222	4817
HN_3_3	1	7582	114	70	1176	842	3464	38	167	107	1673	10073	13	101	138	31	1411	531	165	28	0	177	974	129	7449	298	782	201	102	57	4716	599	0	9	11	3908	205	66	4160
HN_3_4	0	15491	87	37	617	171	950	65	198	23	1320	5276	34	69	140	63	907	175	179	28	0	204	1523	186	3153	197	1634	142	178	120	4555	60	3	875	573	4419	168	1	2309
HN_3_5	1	18280	74	62	1029	195	7589	74	1949	13	1629	3335	53	32	143	62	1323	144	271	27	1	106	1094	198	5613	522	1540	188	140	294	3216	70	10	88	38	365	374	0	2801
HN_3_6	2	12511	51	62	836	153	10451	65	3924	23	953	2792	33	21	116	18	755	182	197	0	1	73	648	112	7131	287	793	171	133	72	739	82	8	35	15	81	158	0	1950
HN_3_7	2	7239	24	114	1137	181	7749	71	5457	29	1181	6086	94	26	92	97	1653	406	510	5	4	220	1482	746	21337	471	2251	249	217	146	1078	88	24	113	9	81	170	16	5558
HN_3_8	1	18043	523	159	1128	232	161	92	874	0	1801	1273	47	18	2	0	6422	117	208	570	2	50	733	15	3485	120	12250	31	49	575	363	177	0	28	7	0	1	13	7657
HN_4_1	0	5917	145	356	2624	2373	15893	82	577	24	2091	7794	89	398	88	213	1722	2854	252	4	0	215	1358	125	1261	276	733	101	106	81	413	384	99	132	44	87	184	72	4369
HN_4_2	0	5734	19	29	134	200	7726	0	101	5	254	1319	3	44	6	44	172	66	23	31	0	14	159	60	193	34	334	1	7	30	53	65	0	548	17873	3859	176	0	1364
HN_4_3	5	9264	59	34	429	370	9742	13	720	4	626	2254	4	118	6	239	1005	214	74	281	5	31	855	211	10170	142	1353	26	102	109	503	67	22	425	6732	499	8	23	2292
HN_4_4	0	26780	149	98	889	176	4490	15	3015	0	1107	2377	92	38	9	119	820	114	76	18	766	22	658	71	1267	257	15248	29	86	429	624	137	2	98	11	6	3	30	1643
HN_4_5	4	19994	14	54	499	82	3332	9	1194	0	369	1307	15	16	3	195	859	61	63	22	1	14	1520	59	573	359	12849	25	43	1185	649	51	11	59	346	8	1	7	1813
HN_4_6	0	9649	89	264	2953	343	1154	12	2185	37	1572	6104	34	51	15	128	2676	218	846	26	1	49	3773	208	1208	840	3707	72	324	592	4019	83	6	5	26	5	66	83	4929
HN_4_7	1	19468	51	86	695	152	11457	16	2002	53	462	1536	56	31	5	138	962	28	93	9	0	8	1220	35	1192	256	10976	27	50	730	972	102	16	5	40	11	27	17	2355
HN_4_8	0	17188	103	76	745	93	18999	30	2365	75	368	2507	39	21	4	126	25	59	213	6	1	61	90	130	151	37	684	4	16	23	3172	26	8	1	3	3	7	0	785
HN_5_1	11	7807	429	36	4134	1490	616	241	445	50	8023	4703	381	738	2900	18	3191	1240	416	391	157	260	2383	183	1290	313	1154	281	94	29	192	351	0	7	43	18	0	358	6207
HN_5_2	12	20758	68	5	1916	103	561	50	34	0	958	1700	131	267	227	4	1584	1058	155	650	351	127	1740	131	760	166	1593	207	90	17	307	12	0	1944	164	43	0	58	2356
HN_5_3	7	4031	87	11	3702	134	89	26	93	1	3400	1592	310	1199	16	18	1943	3464	807	759	21	979	5728	842	2571	612	3322	870	167	50	3344	19	2	23	72	552	22	349	4636
HN_5_4	16	17497	23	24	400	74	13293	16	4195	2	432	307	37	19	3	136	150	212	30	46	2	697	334	26	1618	35	441	19	7	639	824	55	0	2	10	13	0	3	398
HN_5_5	0	17791	33	69	360	163	9594	21	2247	7	797	427	38	101	14	41	628	117	35	48	29	147	908	63	7939	96	1154	58	31	230	752	30	0	1	3	27	0	5	1237
HN_5_6	3	15728	8	126	596	115	17330	27	4034	2	1439	1262	102	100	14	6	394	73	40	146	59	22	611	23	96	107	2210	66	88	106	168	37	0	135	4	30	0	112	1341
HN_5_7	1	15825	9	42	260	90	19310	20	4987	2	338	815	25	51	19	15	610	47	44	16	21	170	428	617	2606	173	3587	47	85	351	410	68	0	3	3	97	0	7	1631
HN_5_8	2	20406	23	72	652	120	3899	56	651	1	426	627	55	94	53	24	686	72	50	363	138	35	679	324	2744	85	7231	66	51	216	107	79	2	11	6	90	5	1	2288
HN_6_1	4	3247	236	176	4575	1796	634	144	501	16	4390	5968	214	418	4908	114	2876	251	155	330	415	130	1594	123	568	280	586	108	128	29	294	70	0	17	9	7	0	163	5701
HN_6_2	13268	7457	302	182	4479	1324	4091	153	1151	19	1946	6342	62	235	1876	116	632	2327	829	1024	1535	241	1127	66	790	196	614	178	40	20	74	287	0	246	13	4	0	10	2998
HN_6_3	28790	14264	95	14	832	244	61	46	1837	19	341	2525	6	94	164	27	96	248	84	66	58	1176	606	58	991	61	524	68	21	463	24	160	0	17	6	3	0	3	1193
HN_6_4	624	11889	87	135	682	84	52	14	331	2	665	875	17	91	55	56	286	134	193	157	583	210	2943	290	12601	114	10299	65	62	286	404	31	2	45	54	5	1	22	2068
HN_6_5	280	25514	45	190	776	325	65	27	1304	24	608	1381	125	103	204	26	178	151	35	34	97	8	2826	102	340	109	10535	54	68	187	39	37	0	1575	20	5	4	24	1957
HN_6_6	2819	23732	48	219	1276	344	191	34	1144	74	999	2787	184	146	273	19	393	263	59	22	67	15	2447	48	184	200	7954	109	122	78	109	31	1	1235	16	9	5	18	4069
HN_6_7	22456	23130	20	79	1408	262	367	170	2357	72	948	3829	100	173	100	16	256	290	47	22	71	29	3440	136	694	140	8228	93	71	768	98	38	7	185	23	62	14	7	3162
HN_6_8	13412	22932	493	121	3296	791	53	1687	2444	1392	3277	5045	219	289	206	37	543	2356	96	32	201	30	2227	145	466	136	2480	68	56	245	105	146	5	981	3	84	110	12	7856
LN_1_1	5	6252	21	25	638	122	16	3	75	35	313	691	10	118	11	0	102	49	108	499	493	51	266	25	134	21	105	123	16	16	168	0	369	9925	12314	27307	5917	5	14830
LN_1_2	1	876	82	17	2028	71	123	9	184	13	907	640	95	109	1	35	256	719	371	56	4	129	1487	176	605	169	677	175	59	17	148	19	2156	1438	12928	4361	22106	64	15134
LN_1_3	32	7944	52	58	4149	91	395	20	1009	56	5201	2433	285	162	2	121	497	1287	567	744	11	185	2171	310	1722	297	16313	319	82	45	703	524	999	257	55	7134	3589	58	3856
LN_2_1	35	1381	1466	74	5562	661	61	70	1226	55	1401	4743	178	740	14	530	761	702	514	305	13	315	1770	436	4725	303	3301	246	100	34	196	24	0	14977	1469	1189	7	319	10657
LN_2_2	2	6910	1275	77	4962	1631	891	176	311	123	2371	9789	106	3558	1053	136	1054	1250	704	161	4	337	8415	490	4153	545	2291	3692	196	50	148	50	86	593	2807	787	1020	763	7095
LN_2_3	28	5109	531	63	5700	380	572	82	430	68	3399	6216	1295	607	455	43	850	250	266	67	3	174	3365	318	8371	365	2973	1062	192	30	231	508	100	11	11	334	28	1673	3484
LN_2_4	612	2019	175	854	22311	516	1502	307	2160	34	7475	5867	822	359	107	3	595	165	160	532	5	127	4076	174	837	480	688	431	73	35	1557	856	25	166	41	21088	169	346	3801
LN_3_1	5	16012	1603	654	16185	3968	856	287	2340	648	10005	8205	186	1659	17	2510	3791	1142	625	460	240	1102	4771	519	2179	712	3684	587	221	202	856	109	4	644	1305	177	18	106	10777
LN_3_3	5	37302	33	35	1562	5	15	5	190	7	750	907	13	196	1	14	350	120	277	9448	475	64	273	5	355	20	9428	24	59	157	591	19	0	174	75	12	2	9	1143
LN_3_4	2	14603	41	28	1492	2	12	0	289	3	2955	1085	22	567	0	5	1241	886	3365	4860	89	968	2415	10	1081	180	17524	498	119	524	273	22	7	121	14	55	17	0	2781
LN_3_5	55	41445	87	24	4325	0	66	22	207	0	4620	2942	83	5576	1	13	618	246	337	2181	13	312	1211	6	74	32	374	54	14	7	35	52	2	47	17	4	4	6	1916
LN_3_6	1	246	2	1	58	0	8	0	12	0	126	27	0	79	0	2	27	0	8	77	0	3	31	0	1	0	21	0	1	0	1	2	6017	1883	159	5896	6040	0	48065
LN_4_1	115	2606	177	55	3906	368	101	7	192	43	924	4399	209	155	48	31	930	168	61	13	3	21	2471	192	3455	207	1008	135	17	48	101	64	512	8102	2325	13010	9622	136	6102
LN_5_1	72	7226	494	1395	11801	400	495	85	2115	46	8106	8720	275	1166	25	21	978	187	524	2107	3865	699	6492	449	1496	1016	2205	240	311	155	458	231	3	52	10	3	2	887	4634
LN_5_3	2	31063	9	12	668	160	36	19	345	17	162	753	0	31	10	624	1187	558	486	59	69	30	1332	106	1109	184	26136	102	65	83	0	18	14	23	169	4	107	3	2270
LN_5_4	0	13869	8	9	729	138	51	17	170	1	182	453	1	35	16	67	308	67	52	154	1	47	540	25	3323	74	39653	39	18	60	0	24	1	7	5	13	15	5	909
LN_5_5	0	18034	39	40	1874	377	135	52	360	54	446	884	5	51	65	1	637	131	45	369	3	39	1143	2	5092	133	36513	96	27	72	0	21	0	6	6	2	12	4	1633
LN_5_6	3	40767	5	2	2216	77	901	73	219	88	2493	13438	87	102	218	0	3443	26	8	658	2	6	1145	8	116	323	2785	51	63	36	1	30	12	12	4	47	53	161	6751
LN_5_7	1	18638	4	46	3279	15	1131	39	140	37	2523	3882	58	92	108	0	2560	215	46	637	4	1	767	5	88	601	5077	169	39	18	2	36	393	45	35	17786	942	142	8409
LN_5_8	2	14895	0	208	3250	259	147	37	302	14	801	739	2	48	17	38	572	88	18	4525	44	3	275	34	2645	125	7871	39	41	124	0	152	1755	338	14	21322	5412	0	6899
LN_6_1	11777	20782	78	61	1204	217	19634	211	1199	29	761	1619	128	200	38	1	164	57	31	42	89	86	713	53	13514	74	298	362	68	46	35	16	11	411	603	1806	335	38	1040
LN_6_2	156	42537	68	7	842	91	726	11	95	6	252	141	14	14	11	0	210	59	41	654	729	190	671	63	2134	129	435	97	13	220	200	4	71	1417	13439	1664	267	24	4244
LN_6_3	488	43027	48	135	451	60	17173	21	288	15	251	327	18	3	17	0	152	39	35	189	26	50	505	63	1780	85	581	62	27	262	76	44	26	1736	3572	8831	126	0	1802
LN_6_4	125	631	12	1	114	4	261	2	42	0	73	54	0	1	0	0	223	25	69	3257	43	67	3039	47	41	51	278	67	36	7	12	70	1985	1140	172	36793	4435	0	12162
LN_7_2	0	6909	1522	88	7984	458	1330	318	642	482	10017	9740	331	5418	515	16	5331	1564	797	95	7	166	6586	323	1336	766	13321	885	327	82	2643	118	6	173	22	6	8	208	10211
LN_7_3	9	7533	1067	77	9482	234	1117	139	911	257	7283	7842	230	615	57	59	1191	3421	479	352	2	222	2848	201	3029	651	10750	263	589	61	3326	1097	0	1657	41	67	5	181	3192
